%This is the processed dataset which include the averaged signal of each grid.
%The format is as follows:
%Dimension	Grid No.
%MAC add.	RSSI

26 1
02:5C:96:05:0E:A5 -60
00:0F:66:83:FB:CC -60
00:1F:41:6C:E6:F8 -66
00:24:01:65:70:A9 -27
00:1F:41:2C:E6:F8 -79
00:15:EB:4D:1D:FA -89
00:22:B0:F8:9F:5C -59
00:15:EB:4D:1D:FC -89
00:1F:41:AC:E6:F8 -42
00:22:93:44:A0:E2 -49
00:26:5A:29:50:B4 -58
3E:25:B3:38:8B:F9 -58
00:1F:41:EC:E6:F8 -37
00:22:75:26:6B:91 -30
00:E0:FC:1A:D5:07 -78
00:19:E0:64:64:C0 -60
00:22:93:26:1D:40 -83
00:19:E0:A5:05:E0 -52
00:16:B6:ED:46:10 -60
00:22:B0:95:83:F5 -50
00:1E:2A:66:37:12 -60
00:22:93:44:A0:E4 -49
00:17:9A:58:AD:B1 -42
00:14:BF:8A:C8:C7 -55
00:1E:8C:59:EF:7F -47
00:13:10:92:6E:0D -36

8 2
00:22:B0:95:83:F5 -85
00:17:9A:58:AD:B1 -70
00:25:12:69:D3:17 -90
00:14:BF:8A:C8:C7 -85
00:13:10:92:6E:0D -54
00:1E:8C:59:EF:7F -82
00:1F:41:EC:E6:F8 -73
00:22:93:44:A0:E2 -73

0 3

0 4

0 5

0 6

0 7

0 8

0 9

0 10

0 11

0 12

0 13

0 14

0 15

0 16

0 17

0 18

0 19

0 20

0 21

0 22

0 23

0 24

0 25

0 26

0 27

0 28

0 29

0 30

0 31

0 32

0 33

0 34

0 35

0 36

0 37

0 38

0 39

0 40

0 41

0 42

0 43

0 44

0 45

0 46

0 47

0 48

0 49

0 50

0 51

0 52

0 53

0 54

0 55

0 56

0 57

0 58

0 59

0 60

0 61

0 62

0 63

0 64

0 65

0 66

0 67

0 68

0 69

0 70

0 71

0 72

0 73

0 74

0 75

0 76

0 77

0 78

0 79

0 80

0 81

0 82

0 83

0 84

0 85

0 86

0 87

0 88

0 89

0 90

0 91

0 92

0 93

0 94

0 95

0 96

0 97

0 98

0 99

0 100

0 101

0 102

0 103

0 104

0 105

27 106
02:5C:96:05:0E:A5 -91
00:1F:41:6C:E6:F8 -60
00:24:01:65:70:A9 -78
00:1F:41:2C:E6:F8 -74
00:15:EB:4D:1D:FA -89
00:15:EB:4D:1D:FC -89
00:22:B0:F8:9F:5C -89
00:1F:41:AC:E6:F8 -62
00:22:93:44:A0:E2 -67
3E:25:B3:38:8B:F9 -88
00:1F:41:EC:E6:F8 -62
00:25:12:72:29:05 -89
00:22:93:26:1D:42 -82
00:E0:FC:1A:D5:07 -72
00:25:12:72:29:02 -88
00:22:93:26:1D:40 -82
00:19:E0:64:64:C0 -92
00:19:E0:A5:05:E0 -87
00:16:B6:ED:46:10 -91
00:22:B0:95:83:F5 -76
00:1E:2A:66:37:12 -88
00:22:93:44:A0:E4 -74
00:17:9A:58:AD:B1 -76
00:14:BF:8A:C8:C7 -73
00:1E:8C:59:EF:7F -72
00:13:10:92:6E:0D -52
00:22:93:44:C8:53 -90

